3559 108781 3.06830259207922E14
6414 30806 5.40472160975094E14
2427 11523 7.5308859888388E13
5669 27321 3.5885623575623E14
7668 40212 6.60495886333924E14
8578 18162 5.70900306883151E14
7400 21600 4.81009189545305E14
3908 48772 2.12273026175981E14
1250 75940 1.49395070045231E14
7620 18080 5.58640987980342E14
9440 15980 6.9010235789583E14
6345 19415 3.65139812264426E14
4203 52977 2.36494803031379E14
2459 63801 2.31227082598226E14
2590 70130 3.03577247834055E14
1290 40409 7.8766120458819E13
2640 101980 2.95454764347735E14
1532 38648 9.0800335846434E13
1250 62560 1.65061365740609E14
1549 48721 1.2755824306931E14
3870 68570 3.59047458977743E14
3038 45442 2.249280262537E14
1749 61441 2.00692971227924E14
5059 36141 4.1214789986591E14
7058 31892 5.85261462504532E14
