7729 18561 4.7710900401011E14
9386 13476 6.03859972013763E14
8994 15309 6.38802531687009E14
4094 35279 3.12016316904553E14
1370 58765 7.161832009535E13
3451 32591 2.11675979338221E14
6165 26065 4.59050740026586E14
5832 29738 4.29697602436936E14
4429 28871 2.78201898252372E14
5698 35615 3.67260657152052E14
8488 17014 6.12660228741407E14
6995 18555 5.28569493345664E14
6101 24680 4.45177990767678E14
6161 22589 4.16925479948522E14
7971 18539 5.68860766734155E14
3238 75673 2.79410712917126E14
4686 32686 4.18398967107485E14
4098 37130 3.32150729107656E14
4672 34802 3.39694349267543E14
5175 24325 3.98687343835633E14
2436 23935 2.08314406302957E14
3777 32294 2.54410165976575E14
3195 32618 1.46984780911979E14
4935 26124 2.44668437730048E14
2498 39812 2.24954408720651E14
